ColorMap 3 0 63 3
0.00000000000000000  102  102  127  255
0.00000000000000000  230  230  230  255
0.00000000000000000  153  153  153  255
0.00000000000000000  204  204  204  255
0.00000000000000000    0  255    0  255
7.56013700000000011   42  245   52  255
8.24742299999999950    0    0    0  255
8.35051699999999997  204  204  255  255
8.59106500000000040    0    0    0  255
10.65292099999999920    0  255    0  255
12.02749099999999949  190  190  237  255
12.02749099999999949    0    0  255  255
20.96219899999999825    0    0  255  255
21.64948499999999854    0    0    0  255
23.36769800000000075  178  178  222  255
24.74226799999999926    0  102  102  255
30.92783599999999922    0  102   51  255
31.27147799999999833  160  160  199  255
33.67697600000000335    0    0    0  255
35.73883200000000215  150  150  186  255
38.14432999999999652    0  255    0  255
41.23711300000000080  137  137  170  255
44.67354000000000269    0    0  255  255
46.73539499999999691  124  124  154  255
47.42267999999999972    0  255  255  255
50.17182100000000844    0    0    0  255
52.57732000000000738  110  110  137  255
54.29553299999999894    9  242  244  255
56.70103100000000040    0    0  255  255
57.73195899999999625    0    0    0  255
59.10652899999999477   95   95  118  255
61.85567000000000348  255  204    0  255
63.91752600000000228   84   84  104  255
64.26116799999999785    0    0    0  255
67.01030900000000656  255    0    0  255
69.41580799999999840    0    0    0  255
69.75945000000000107   70   70   87  255
73.53951899999999853  255  204    0  255
75.60137500000000443    0    0    0  255
76.28865999999999303   55   55   68  255
80.06872900000000470  255    0    0  255
83.16151200000000188   39   39   48  255
83.50515500000000202    0    0    0  255
89.00343599999999356  255  204    0  255
93.12714800000000537    0    0    0  255
93.47078999999999382   77   61    0  255
93.81443299999999397    0    0    0  255
95.42490312543165487  255    0    0  255
95.80803931689797537    0  255   70  255
96.82222335313234396    0  128    0  255
98.24208100386043441   87  128  255  255
98.33223069597016774    0    0  128  255
99.27880246312223278    0    0    0  255
99.36895215523196612  255  204    0  255
99.36895215523196612    0    0    0  255
99.93000000000000682    0    0    0  255
99.93000000000000682    0  255  255  255
99.93999999999999773  255  153   51  255
99.95000000000000284    0    0    0  255
99.95999999999999375   51  204  153  255
99.96999999999999886  255  255  153  255
99.98999999999999488    0    0  255  255
100.00000000000000000    0  255    0  255
0.00000000000000000 100.00000000000000000
99.62370279310442811 100.00000000000000000
100.00000000000000000 0.00000000000000000
