ColorMap 3 0 102 35
0.00000000000000000   11   16  204  255
0.67000000000000393  167   42  223  255
2.04999999999999627  135   17  183  255
2.04999999999999627  202   73  162  255
2.82444801488923947    0    0    0  255
4.81000000000000316  233   91   71  255
4.81000000000000316  228   98    4  255
7.56999999999998785  241  165    0  255
7.56999999999998785  254  204    1  255
9.00769907451162766    0    0    0  255
10.32999999999999474  253  245  119  255
10.32999999999999474  219  255    0  255
13.09000000000000163  215  235  142  255
13.09000000000000163  105  241   94  255
15.84999999999999787    3  187   88  255
15.84999999999999787   29  243  105  255
18.61000000000000298    0  224  105  255
18.61000000000000298    1  215  148  255
20.07648183556405286    0    0    0  255
21.37000000000000099    0  218  202  255
21.37000000000000099  255    0  102  255
22.22883398333463845  255    0    0  255
22.36619099236015629    0  255    0  255
22.62693650101876841  255  255  255  255
22.87138541538621794    0  255  255  255
23.26483176327286984  255    0    0  255
24.12999999999999545   29  163  180  255
24.12999999999999545  255    0    0  255
26.88891496343974552  153    0    0  255
26.89000000000000412    5   38  248  255
29.65000000000000924   72    0  206  255
29.65000000000000924  138    3  207  255
32.40999999999999659  108    0  186  255
32.40999999999999659  150   11  167  255
35.17000000000000171  193    2  164  255
35.17000000000000171  188   26   86  255
35.75562163301805185    0    0    0  255
37.92999999999999972  200   12   32  255
37.92999999999999972  213   77   61  255
40.68999999999999062  225   26   16  255
40.68999999999999062  236   70    0  255
43.45000000000000995  240  112   89  255
43.45000000000000995  220  103    6  255
46.24000000000000199  222   95   13  255
46.24000000000000199  200  123   62  255
46.94617917978320776    0    0    0  255
48.96999999999999886  233  164   57  255
48.96999999999999886  255  181   72  255
51.72999999999999687  240  199  143  255
51.72999999999999687  255  221  185  255
54.48999999999999488  251  220  117  255
54.48999999999999488  254  253  148  255
55.23231721059404720    0    0    0  255
57.25000000000000000  249  250   91  255
57.25000000000000000  252  255    6  255
60.00999999999999801  252  241  138  255
60.00999999999999801  239  232   59  255
62.77000000000000313  231  226   26  255
62.77000000000000313  231  224   15  255
65.53000000000000114  223  216    7  255
65.53000000000000114  173  179    2  255
67.10626758464256625    0    0    0  255
68.29000000000000625  160  154   42  255
68.29000000000000625  151  175  106  255
71.04999999999999716  123  173    0  255
71.04999999999999716   47  103    4  255
73.81000000000000227   67  154   57  255
73.81000000000000227    0  195   89  255
76.57000000000000739    0  203  115  255
76.57000000000000739   21  215  180  255
77.17904165061177935    0    0    0  255
79.32999999999999829    0  199  205  255
79.32999999999999829  129  131  226  255
83.46999999999999886  221   83  238  255
83.46999999999999886  177   15  202  255
84.93627725392404670    0    0    0  255
86.23000000000000398  184   88  184  255
86.23000000000000398  103  102  104  255
88.99000000000000909  133  133  133  255
88.99000000000000909  154  184  144  255
91.75000000000000000  213  205   19  255
91.75000000000000000   47   94  193  255
92.09009153101803236    0    0    0  255
94.48000000000000398  139    1  121  255
94.48000000000000398  251  253   72  255
97.24000000000000909  164    6    8  255
97.33585849406392754   51   51   51  255
98.20609382838115664   51   51   51  255
98.20609382838115664  100  253  140  255
99.47073406567841403   25   25   25  255
99.54198140299092756    0    0  128  255
99.66411969552669348    0    0  255  255
99.68593010490806705   51   51   51  255
99.79679968593011097    0  192   36  255
99.83205984776334674    0    0  255  255
99.83205984776334674  128  128  128  255
99.83642192963961293  153  255  255  255
99.88658587121680910    0    0    0  255
99.94983605842281804    0  128    0  255
99.95565216759118243    0    0    0  255
99.95565216759118243  255   87  192  255
100.00000000000000000    8    0  162  255
0.00000000000000000 0.00000000000000000
2.06859115059482290 0.00000000000000000
2.33440742730661288 0.00000000000000000
2.62919323556811158 0.00000000000000000
3.04189336713421010 0.00000000000000000
8.44771901960812066 0.00000000000000000
8.44771901960812066 100.00000000000000000
21.37507167182426926 100.00000000000000000
21.51390329266956059 100.00000000000000000
23.67990796389083030 100.00000000000000000
25.15152314485089491 100.00000000000000000
25.68061045189229930 0.00000000000000000
29.70992058368515032 0.00000000000000000
29.70992058368515032 100.00000000000000000
37.44112960811072810 100.00000000000000000
37.44112960811072810 0.00000000000000000
38.47061235388549960 0.00000000000000000
38.47061235388549960 100.00000000000000000
40.21697531249841262 100.00000000000000000
40.93353158488790200 0.00000000000000000
41.14668440009236861 2.63157894736842080
41.20564156174467030 55.26315789473684958
41.22831739314939625 100.00000000000000000
41.50496253628711685 100.00000000000000000
76.41172090586707100 100.00000000000000000
76.41172090586707100 0.00000000000000000
77.11744831183062843 0.00000000000000000
77.12513032818407055 100.00000000000000000
78.79805135936980776 100.00000000000000000
78.79805135936980776 0.00000000000000000
79.41122435143650193 0.00000000000000000
79.41122435143650193 94.73684210526315042
98.00313852017524141 100.00000000000000000
98.01008010121749692 0.00000000000000000
100.00000000000000000 0.00000000000000000
