ColorMap 3 1 25 15
0.00000000000000000  128    0    0  255
6.88336520076481850    0    0    0  255
8.22179732313575506   87  255   87  255
10.32504780114722820    0    0  255  255
12.61950286806883170    0    0    0  255
23.90057361376672773    0    0    0  255
25.62141491395793480    0    0    0  255
26.00382409177820620    0  136  136  255
31.93116634799235243    0    0    0  255
33.30000000000000426    0  220  220  255
33.30000000000000426    0  136    0  255
49.71319311663479823    0    0    0  255
50.00000000000000000    0  220    0  255
50.00000000000000000  136  136    0  255
64.54936059149829930    0    0    0  255
72.09903379886441144  220  220    0  255
72.09903379886441144  136    0    0  255
79.53929145250056365    0    0    0  255
81.10237079149975159  220    0    0  255
81.15944136271437515    0   70  255  255
97.17409795781867388    0    0    0  255
97.84222349853506273    0  192    0  255
97.85312870322574952    0    0  128  255
97.87421209896109531    0    0    0  255
100.00000000000000000    0    0  255  255
0.00000000000000000 100.00000000000000000
4.13533834586466131 100.00000000000000000
10.15037593984962427 0.00000000000000000
33.08270676691729051 100.00000000000000000
57.89473684210526727 0.00000000000000000
57.89473684210526727 100.00000000000000000
65.03759398496239896 0.00000000000000000
65.03759398496239896 100.00000000000000000
78.00751879699248548 100.00000000000000000
80.63909774436089606 0.00000000000000000
82.14285714285713880 100.00000000000000000
86.09022556390976888 0.00000000000000000
99.06015037593985539 100.00000000000000000
99.47146859544298536 0.00000000000000000
100.00000000000000000 0.00000000000000000
