ColorMap 3 1 48 29
0.00000000000000000  255    0    0  255
0.38441399999999998  255    0    0  255
2.22726999999999986  255    0    0  255
3.64843600000000023  255    0    0  255
4.34154499999999999  255    0    0  255
4.81099600000000027  255    0    0  255
4.98339999999999961  255    0    0  255
5.03232600000000030  255    0    0  255
5.74756800000000023  255    0    0  255
6.52921000000000085  255    0    0  255
7.16174499999999981  255    0    0  255
19.04775752640876618  255    0    0  255
32.95262052068717651  255    0    0  255
37.33360475176119309  255    0    0  255
40.76220110651476602  255    0    0  255
40.76220110651476602  255  255    0  255
42.25621414913958063    0    0    0  255
45.88910133843211980  255  255    0  255
49.13957934990440179    0    0    0  255
51.43403441682600175  255  255    0  255
54.11089866156787309    0    0    0  255
55.67010299999999035  255  255    0  255
55.67010299999999035    0    0    0  255
62.67802746657554991    0    0    0  255
62.67802746657554991    0    0    0  255
68.98850591425600953    0    0  102  255
68.98850591425600953    0    0  102  255
86.04133799591419063    0  204  255  255
87.15148783342662853    0    0    0  255
95.02940770198257781  255    0    0  255
95.02940770198257781  255  255    0  255
95.02940770198257781  102  102  102  255
95.02940770198257781  255  204    0  255
95.64680500000000052   25   25   25  255
95.64680500000000052  128  128  128  255
96.56357400000000268  255  204    0  255
96.56357400000000268  255  255    0  255
96.64119695526684950    0    0    0  255
98.10821799999999371  230  230  230  255
98.10821799999999371    0  204  255  255
98.17664977571628526    0  204  255  255
98.20863837614231784    0    0  255  255
99.15230208871021489  230  230  230  255
99.41988499999999362  230  230  230  255
99.70295299999999372  230  230  230  255
99.70295299999999372  255  255  255  255
99.74045612836152941    0  255    0  255
100.00000000000000000    0  255    0  255
0.00000000000000000 100.00000000000000000
21.24060150375940026 100.00000000000000000
23.12030075187970013 30.00000000000000000
24.43609022556390897 100.00000000000000000
33.83458646616541188 100.00000000000000000
35.15037593984962427 30.00000000000000000
36.27819548872180633 100.00000000000000000
39.47368421052631504 30.00000000000000000
40.03759398496240607 100.00000000000000000
42.48120300751880052 30.00000000000000000
43.79699248120300581 94.73684210526315042
46.05263157894736992 30.00000000000000000
46.24060150375940026 100.00000000000000000
49.05514737413876247 30.00000000000000000
50.56390977443609103 97.36842105263157521
52.63157894736841769 30.00000000000000000
52.63157894736841769 100.00000000000000000
69.54887218045112718 100.00000000000000000
73.49624060150375726 30.00000000000000000
73.49624060150375726 100.00000000000000000
77.63157894736842479 30.00000000000000000
80.45112781954887282 100.00000000000000000
80.45112781954887282 30.00000000000000000
83.64661654135338154 100.00000000000000000
83.64661654135338154 30.00000000000000000
87.96992481203007230 100.00000000000000000
99.60231038727393127 100.00000000000000000
99.74749865858662190 0.00000000000000000
100.00000000000000000 0.00000000000000000
