ColorMap 3 1 21 7
0.00000000000000000    0    0  255  255
5.00147134965600237    0    0    0  255
9.99999999999999822    0    0    0  255
15.00000000000000178  255    0    0  255
19.99999999999999645  255  241   45  255
25.00000000000000000    0    0  255  255
30.00000000000000355  255  255  255  255
35.00000000000000000    0    0    0  255
40.00000000000000000  255    0    0  255
44.99999999999999289  255  241   45  255
50.00000000000000000    0    0  255  255
55.00000000000000711  255  255  255  255
60.00000000000000000    0    0    0  255
65.00000000000000000  255    0    0  255
70.00000000000000000  255  241   45  255
75.00000000000000000    0    0  255  255
80.00000000000000000  255  255  255  255
85.00000000000000000    0    0    0  255
90.00000000000000000  255    0    0  255
95.00000000000000000  255  241   45  255
100.00000000000000000    0    0  255  255
0.00000000000000000 100.00000000000000000
0.00074043531117488 100.00000000000000000
0.00138831620845290 100.00000000000000000
0.00138831620845290 0.00000000000000000
0.00541443321296632 0.00000000000000000
0.08589049609628613 0.00000000000000000
100.00000000000000000 0.00000000000000000
